666
67786 474965200
52587 1254027398
41572 91847819
42556 581586815
91639 2196009517
12322 55189210
6032 1380198
41040 53489313
45480 842477806
24387 175705804
74439 2724769206
53235 693356894
25260 160089354
53439 1394234006
15231 63581944
38688 372863164
91418 3029558445
76901 79674071
23478 159923082
18097 150205732
51359 73736724
19443 94807147
14294 42473911
1157 603238
57173 124235058
98678 2414575723
29817 125658958
11947 67877367
54705 403202647
31243 146693711
78966 1455122622
82701 1308926431
24611 120834067
42175 372791346
97055 1212489670
90226 2021822829
13374 72524613
92850 489016419
41940 671059479
56129 136644871
77094 916782661
55351 1502914958
56959 1241614151
86461 181738060
56276 245404101
6705 15143565
99215 1264872500
45032 933228041
98073 2432102734
72247 1254102724
66162 493998764
27542 168776731
1776 1501195
20297 92174667
55653 550008884
27366 89369267
8190 23705538
37871 274603401
29349 175939813
10896 34418062
12854 67860616
77834 2166071965
2311 582110
8865 20112881
10583 18435074
3976 7356145
57683 1191800104
26988 239206394
15608 60283568
50548 395383553
93584 775572192
59357 1669758710
51405 5787013
55099 1425520456
51826 957999647
23184 20949868
12923 1181711
8403 27411296
65710 475707466
1438 148985
93440 1947797795
73136 1867819914
16232 91312923
89017 2049965597
13770 11242998
28326 219400023
5261 13085797
32037 86264498
52040 215457969
18076 131960594
25332 311438687
85833 2624138933
47769 379747021
32209 483349907
69741 2159989483
97277 1624352412
23684 276406563
47494 874712508
31633 134084652
41251 10879350
52693 352504282
33283 453817697
66063 2105832712
90835 1862244510
62642 1475029995
77841 796073239
23702 66826469
52039 567712199
63046 1421367379
68159 923736607
31266 365569298
24975 225480766
17392 49945348
17607 2399645
44069 595316942
69546 114514421
40760 19713036
13508 91016139
36249 289835207
30008 349209727
48552 213787837
89684 892661798
18974 72181799
43330 664272791
84970 1862532906
99514 1248503921
55398 570437061
36147 130958398
12431 7388756
92825 3182977204
1020 42559
45132 386606976
71064 2054944709
54712 1369359307
9360 10749437
74035 2552194438
15483 82435951
14375 2244302
30634 189741748
64861 1272224158
19407 31302397
70055 1873572852
64550 1061960894
14794 30040490
84383 2565904133
85127 1858838147
45401 682609438
41520 686974836
25661 212199786
91441 3572429536
47722 907091541
64600 757780161
80962 2920863748
15040 24378026
70052 1716096584
714 253986
62671 145963896
58943 119281301
79199 2964027007
22607 103628077
81141 3024802439
51525 801061151
28278 353495460
23641 158791833
57561 173583662
34376 586951896
96176 957669704
78647 1332425933
32560 417255319
28923 118028588
73406 1928426634
76652 2827641970
73153 184125326
78118 88246718
22768 75095564
62902 551120133
60088 1405283842
44419 518242260
92932 163064312
45239 587586747
3304 4741149
6490 9625657
2411 522725
88583 3664092727
67098 1293272870
45204 953998275
51402 13157470
70867 1251899373
49343 700156471
75822 1853600805
18857 177014237
89930 3853486679
66463 1698729788
56285 1492270183
91462 4033912081
42556 269774184
65478 1785198933
5139 10911069
34144 149390692
69871 364172757
4265 2827679
43537 400140192
83252 2680936755
77909 2966229593
65199 1404450222
94831 4466469228
98183 934480709
84356 1318392343
79600 192345671
21364 71290245
84888 3233311238
34123 357197292
79517 1198819532
6273 3446398
26431 200078157
78029 1058586664
56142 459559604
42636 779937044
72752 268668419
92184 44718022
66269 1876744167
5950 3449975
13898 47040470
45111 446965665
10388 23707264
83339 2315759667
47835 1128541920
34139 300562943
7566 24217254
77804 318846481
96678 986949234
96906 2327889741
62965 1274340935
86618 3378093014
6480 9442764
88392 2953929896
14632 15144414
32176 289038848
56358 296622609
92278 635192062
62561 1185228178
87694 2501158748
33782 549293157
88276 1988773837
94372 3391519395
23998 126953031
1216 163841
18610 132207415
55001 411886041
4001 6028548
58004 1209240895
12778 32992987
92522 916142162
45131 858482339
83614 3447241321
31174 347111354
70541 970486755
89096 174961206
92585 2480187614
9602 37365797
95077 370406584
13362 26051811
82778 1187739796
74486 1198125017
90384 3256538856
1176 598738
653 116558
16144 121977916
94866 3454867285
53533 184616501
7660 20802977
71760 755612323
38432 516803118
52215 705971589
26930 219131108
73808 1237827173
81077 2095629789
3130 2164654
14839 8750342
63176 234908468
36123 435083183
20815 22045721
79902 3119039657
50648 177295928
21164 180019871
38688 51146416
73858 1868657381
17339 58810083
36259 477554946
58218 1632093193
56073 962038902
14186 55752555
94778 159156677
44554 591200085
71633 905675932
31781 51618777
69582 1894720895
15485 109325657
88365 168782961
11488 45598735
98327 3141827415
16664 127934011
40924 184758718
30924 328243090
23499 107356403
22797 215534451
3900 4774035
74495 1077031398
53839 1117106966
52005 830861778
56225 877698022
96609 2389544043
64435 225460331
49978 977640037
18687 64569922
6620 17326769
90910 2946546145
78075 1614328757
77744 979884630
19382 8060833
18508 111950905
5161 877152
53037 1261957012
57463 244636320
30520 351702049
53183 1363610041
44719 895868673
49269 1019924332
566 145797
68711 2223603875
51500 403489390
32562 246277174
74434 950433547
35648 243784803
7859 9849068
93818 2547836707
32379 382859596
53411 622999421
7327 22640873
73461 1069533837
20853 65324661
40392 578520874
55128 816293504
75945 2556096824
90729 250326916
74656 1242077094
67478 629075642
33562 206494156
99459 1774836168
74979 69322465
18791 6068266
93422 4078820207
29732 82468231
30948 123922579
70688 1958882471
36993 210081418
83850 2319180352
25168 49708070
6084 1670146
82937 2832927224
6153 15465636
58301 423317514
77718 1925316011
10229 18460857
83204 305463038
73371 1726133052
98285 700760178
71543 2052045310
45282 539460591
1070 197652
65053 408922752
27272 327354298
15690 68792687
81806 1746374827
58222 1315589512
47287 123497395
29225 190937325
62777 697863315
72009 220262650
95487 1290914722
68292 2102323310
89530 348221010
56993 799318520
82391 493079392
65687 1066550345
66834 497582274
58755 376836813
24079 100243497
23946 202141284
79031 1186393839
24596 161088074
83202 1094025552
56472 929171356
63782 1423346995
95242 1200949202
32349 323574517
28810 235045950
80368 1931985643
4844 10642294
91895 3217097957
73721 247131955
91038 632713563
58555 1395093114
49614 1186884466
25495 12151172
5173 44729
3744 5848152
59764 1732635204
82731 23379575
44783 645661146
64929 1998462533
40003 134527983
43617 845163500
1189 194736
16207 40331605
60362 745830603
94925 2437059982
29478 323951937
61874 1817259821
54243 275262093
6451 11153853
1800 650182
66881 2165077861
77447 17209646
16111 23046410
94142 134106787
17768 57219334
11613 50073778
58728 169058077
13106 867672
16639 97000094
32807 532478830
47109 166599351
65818 1479609583
93454 487841645
58426 77122976
70622 1954581608
76879 740610672
17197 74843647
3309 3478972
49369 312594925
10419 12050508
72217 844435255
94616 499185065
26130 175212093
8214 14282547
14111 10782421
29770 89489673
45852 799118157
69331 426178422
62732 1379216479
87581 2077651349
48671 109824165
2667 3250007
32673 492609135
56363 1240675421
1093 14443
89116 1772500427
67798 1114590947
6704 17848783
70315 611918563
20220 177755152
49415 354278787
2374 2359841
84657 2053610045
11679 39065916
19257 29438376
95786 3683974301
22310 80609081
74260 955725380
54784 860089251
49180 241960394
60937 802286872
66780 951759821
19223 92106932
14886 7642569
25940 331778936
60598 951196588
36541 36537670
50885 15127816
79057 1852305835
90521 1533113094
40375 181169931
35297 134409957
94715 3827909025
1031 156470
58527 370771194
12514 46584620
47397 802978230
2136 1720625
70935 666968055
37724 155898988
21627 123166621
8975 24500249
60712 262436115
99522 214606695
92637 89455351
34107 225050119
85988 2462543720
52821 651471607
60384 834293802
59429 932732445
40471 402905085
52752 104038240
49294 173051032
89629 1540904126
38433 699977866
68466 1185723080
94112 101237036
33342 359026530
96654 185796827
66714 1666844950
55101 187840380
72133 1000107146
84699 696469939
69538 1726438650
29342 59109927
26132 159741874
48326 623147795
41090 836476837
89416 634027724
90267 3633576482
3915 2382755
14925 74616326
22944 159434896
73209 1732284526
91386 1776978962
24604 1838412
87305 1985628869
13196 59599515
94770 4212566490
80060 348913088
7433 21498318
11178 14818665
35475 568100625
47215 769208502
20364 49237078
34017 126034827
95435 4180234308
92248 3244187007
36617 479121278
51615 597253066
99764 4354252049
99520 2312352145
21408 161904293
37196 41282249
43566 344744647
33389 488359562
94798 1275738496
78040 2038510622
47457 368147810
63419 1885540424
70927 368256141
47337 541031217
85739 2010477967
76934 2761433309
39037 35410278
49527 432406744
83568 2983330640
56973 1375921177
36058 582484606
92191 109225378
58623 1571120531
70866 522251000
82687 3354653750
81626 2001839214
86564 1619196732
14616 24028658
20340 203640
10559 5389714
8063 27774520
99514 2137269772
26273 299933328
58159 420572256
68642 2220310217
82644 1769092227
57396 992033799
69253 1470542064
24155 255538836
26144 258123214
95414 1397019915
47430 367785860
30820 110588029
61486 172161924
61788 1899219465
26666 128561146
85779 1551277535
23313 147980145
92003 1485069873
54885 797289545
62604 261119187
50012 270591180
46107 813040065
82987 1503311571
65624 1987796693
7201 23722451
67962 1618232300
68047 47543768
73503 2175245895
36573 301573414
79956 748127536
92167 582315749
76983 1188453965
90329 3144481197
99806 1506847290
5947 15075713
46441 377321360
73548 1144262765
54526 1049101982
95972 1162499833
64590 555153017
53396 199037237
74825 2268991186
2659 2642892
18730 55434909
42489 770119897
43855 244614842
79107 2767524807
91334 163422280
56263 1578054996
67124 1754342272
62984 1041703070
6900 5094291
97265 1800674735
55489 1200674859
98071 3721446939
42038 122376215
30067 145374065
63166 868120865
43586 792516887
43523 577599004
95381 1526728688
83633 189491620
7125 9852006
84530 2579491876
49508 497917173
88615 137149235
7924 17598884
78223 2874810408
65935 489385007
69992 2251387716
28802 385161497
96568 4179775354
65956 1146232141
57848 14453652
17766 65574881
57881 1178998823
1036 233461
49994 790389860
42581 215551035
41290 51846289
92104 3449903405
61717 1634149877
65693 593635505
68477 1162123042
25863 149574330
57463 1128672324
7656 10242802
71586 2374102742
28305 99915737
62378 559610924
94665 137524269
82536 785284186
17319 21146374
64658 1554223028
86140 745019477
