36965
2506
28020
8450
25366
1815
4372
30699
4431
5640
617
15996
7366
632
3954
11379
13577
64282
5593
764
39217
5672
5077
58
41412
29185
13964
295
26308
14114
25019
31536
9065
14869
47811
26636
1329
61577
5304
39599
34274
525
7126
67398
34122
1201
48918
1829
28329
22164
34730
9169
42
6719
22486
13997
1304
14435
10590
2599
1203
12014
1232
2522
4511
139
8860
5115
4627
22427
54200
1567
48016
1703
8053
16713
11392
998
34865
893
31025
12015
2717
24986
9029
7378
144
18902
31282
1829
374
13387
20210
1116
4014
40279
171
5667
15257
36593
26141
3155
1165
29806
8327
37939
12141
18342
9728
25176
4226
3738
7397
15422
9563
54415
34485
15
12172
3580
27874
47431
6958
6880
23936
49544
21621
19963
8588
13037
730
17325
6955
2378
4723
2589
2642
12261
11153
14418
11495
8840
18463
7043
12746
24154
8451
4452
5059
6913
5128
25669
4530
8058
11466
0
45587
43499
2204
8210
3361
11498
1688
5819
38930
113
52412
27024
3671
13559
11302
1449
53965
64837
10513
29702
7072
12224
74876
10958
224
2102
1389
2977
16239
1522
46280
20828
11922
14934
40
2140
8174
1653
1640
19328
5724
467
16859
42884
1887
15247
10026
886
12199
316
54952
33006
59989
9423
4472
7394
30551
3648
6426
32016
25825
3140
49573
82735
5002
3323
4198
15212
3502
15283
325
9621
606
52552
52250
28672
12480
4421
2134
11529
9129
8132
32002
56636
13873
16966
636
25208
12012
8063
644
2348
26299
528
8825
4654
49717
3694
580
4825
26484
70393
22154
956
67861
6144
34039
25534
9679
81
170
524
11740
34318
1209
32885
6281
14639
5995
24052
16336
1049
10657
41502
6624
14176
919
31818
2188
28576
12724
6493
5353
1084
12208
3626
76940
10167
29073
21622
8023
697
69995
1937
19057
667
21701
5301
8846
2034
809
28083
6571
11240
14327
27477
43201
5759
7323
732
14143
21253
33474
15370
3544
3838
2797
35344
3997
959
2389
4103
25
2023
23092
10368
30835
13567
3421
22433
4707
18112
597
27211
9423
6376
14722
4444
68356
24814
32007
13240
39880
63209
15311
3101
16890
15205
8095
16495
15744
15198
4258
7664
591
29204
15664
4152
58488
14614
60849
7479
12434
441
36455
1684
3960
22706
6926
31572
9683
25417
51022
44675
3448
63141
17009
50988
19501
35288
31302
9919
3838
30319
6646
36425
13363
10427
46233
6909
7128
18206
230
11681
51490
55466
5732
892
20568
4890
323
896
75903
8847
1707
23601
2502
565
7226
21740
25109
4023
1586
30780
1727
659
1076
71591
9322
77769
7070
1605
40341
11797
2710
172
28856
11419
62219
46009
8098
38392
4962
670
24365
5510
31121
63020
7410
2869
9468
16392
5873
40136
10210
23119
33852
117
1284
6549
928
29576
20583
728
35332
1364
22796
201
20569
2839
11584
9948
9613
30540
13308
27182
20879
23150
5650
10978
179
16981
27995
45392
18191
35147
21340
18901
7217
471
31296
2861
7322
280
34412
20066
5931
1974
37803
78807
79266
12891
15808
16724
19535
16237
12084
38329
30691
34115
1016
19768
79887
6545
77380
8975
35719
27409
47377
10776
18470
8257
13022
187
53807
5018
1732
2708
5086
14348
31770
22697
24286
2277
2981
53645
875
5734
1766
7992
10441
18140
3998
11697
5661
17053
6444
31514
3413
28112
17308
2136
44286
14188
20322
2009
43789
14442
22327
2617
30624
20119
6323
4514
1925
77415
2566
38547
776
18351
29657
7684
19733
7277
609
34134
1780
29157
2003
23161
12852
15021
1547
3422
42555
20308
15948
42931
156
10631
30078
6109
37504
14952
39752
26749
5781
28154
2571
312
11071
58301
7544
12013
41275
58041
28229
11025
44909
455
18970
25709
8719
47754
31269
33445
7460
359
8200
3242
21736
4708
73258
83
7889
17339
3708
37253
6485
11798
26394
13015
21497
3773
9534
40123
64168
2686
12703
17951
72056
1991
2396
34650
2888
1046
5136
18076
52480
6313
9321
352
10234
21818
31109
9038
4547
31236
20266
8567
9951
3130
2678
14169
28923
78084
42906
10816
8904
47539
